2
3
6
7
10
12
14
15
18
20
22
23
26
28
29
31
33
35
36
38
39
42
44
45
47
49
50
52
53
55
57
58
59
61
63
63
66
67
69
70
72
73
75
75
77
79
79
81
83
85
86
87
89
89
91
92
95
95
95
97
98
99
100
102
103
104
106
107
107
109
110
111
112
113
115
115
116
117
119
119
121
122
123
123
125
125
127
127
127
130
131
131
132
133
134
135
136
137
138
138
140
140
141
143
143
143
145
145
146
147
148
148
149
151
151
151
153
153
155
155
155
156
157
158
158
159
159
160
161
162
163
163
163
164
165
166
166
167
168
168
169
169
170
171
171
172
172
173
174
175
175
175
176
177
177
177
178
179
179
179
180
180
181
182
182
183
183
184
184
185
186
186
186
186
187
187
189
188
189
189
190
189
191
191
192
192
192
192
193
193
194
195
195
194
196
196
197
197
197
197
198
198
199
199
199
199
200
201
201
201
202
202
201
203
203
204
203
203
205
205
205
205
206
207
206
206
206
207
207
207
208
209
208
208
209
209
209
210
211
210
210
211
211
212
212
212
212
213
212
213
213
213
213
214
214
215
214
214
215
215
215
215
216
216
216
216
216
216
217
218
217
217
218
218
219
218
219
219
219
219
220
219
219
220
220
220
221
221
221
221
221
221
221
222
221
222
222
223
223
223
223
223
223
223
223
224
223
224
223
224
224
224
223
224
225
225
225
226
225
225
225
226
226
226
225
226
226
227
226
226
227
227
227
227
227
228
227
228
228
228
228
228
228
228
228
228
229
229
229
229
229
229
229
229
230
230
230
229
230
230
230
230
230
231
230
230
230
231
231
231
231
231
231
231
232
231
231
231
232
232
232
232
232
232
231
231
232
232
233
233
233
233
233
233
233
233
234
233
233
233
233
233
233
234
234
233
233
234
234
234
234
234
234
234
234
235
235
234
235
234
234
234
235
235
235
235
235
235
235
236
235
235
235
235
235
235
236
235
235
236
235
235
235
235
236
236
236
236
236
236
236
236
236
236
237
236
236
236
236
236
236
237
236
236
237
237
237
237
237
236
237
237
237
237
237
237
238
237
237
237
237
237
237
237
237
238
237
238
238
237
238
237
237
238
237
237
238
237
238
238
238
238
238
238
238
238
238
238
238
238
238
238
238
238
239
238
238
238
238
238
238
238
239
238
239
239
238
239
239
238
239
238
238
239
239
239
239
238
238
239
239
239
238
239
239
239
239
239
239
239
239
239
239
240
239
239
239
239
239
239
239
239
239
239
240
239
239
239
239
239
239
240
239
239
239
240
240
240
239
239
240
240
239
240
240
239
239
239
239
239
240
239
240
240
239
240
239
239
239
240
240
239
239
239
239
239
239
240
240
240
240
240
240
240
240
239
240
239
239
240
240
239
240
240
240
240
240
240
240
240
239
240
240
240
239
240
240
240
240
239
240
240
240
241
240
238
236
234
232
230
228
226
224
224
221
218
217
215
213
212
210
208
207
204
204
201
200
197
196
195
193
192
192
188
187
185
184
182
180
180
178
176
174
173
172
170
170
168
166
165
164
162
161
160
158
158
156
155
153
152
151
149
148
148
146
144
143
143
142
141
139
138
137
136
135
133
132
131
130
129
128
127
126
126
124
124
122
121
120
119
119
117
116
116
114
114
114
112
111
110
109
108
108
107
106
104
104
103
102
102
101
100
99
98
98
97
95
96
94
93
93
93
91
91
90
89
89
88
88
86
85
85
84
84
83
83
82
81
81
79
79
78
78
77
77
76
76
75
75
73
74
72
72
71
71
70
69
69
68
68
67
66
67
66
65
65
64
64
64
63
62
62
62
61
61
60
60
59
59
58
57
57
56
57
56
55
55
54
54
54
53
53
53
52
51
52
51
50
50
50
49
49
48
48
47
47
47
47
47
45
45
45
45
45
44
44
44
43
43
42
42
42
41
41
40
40
40
40
39
40
38
39
39
38
37
37
37
36
37
36
36
35
35
35
35
34
34
34
34
34
33
33
33
32
32
32
32
32
31
30
31
30
30
30
29
29
30
29
29
28
29
28
28
27
27
28
27
27
26
26
26
26
26
26
25
25
26
25
25
24
24
24
24
23
23
23
23
23
23
23
23
22
22
22
22
21
21
22
21
20
20
21
20
20
20
19
19
20
19
20
19
19
18
19
18
18
18
18
18
18
18
17
17
17
17
16
17
18
17
16
16
17
16
16
16
16
16
16
15
15
15
15
15
15
15
15
15
14
14
14
14
14
14
13
14
13
13
14
13
13
13
13
13
13
12
12
13
12
12
12
12
11
11
12
12
12
12
12
12
11
11
11
11
11
11
11
11
11
11
10
10
11
10
10
10
10
10
10
10
9
10
9
9
9
9
9
10
9
9
9
9
9
9
9
8
9
9
8
8
9
8
8
8
8
8
8
8
8
8
7
8
7
8
7
8
8
8
8
7
8
7
7
7
7
7
7
7
7
7
6
7
6
6
7
6
6
6
6
6
6
6
6
6
6
6
6
